-2 -1.8589700225039172 -1.857211793595206 1.7320508075688772
-1.99 -1.841707281691452 -1.8397518535952062 1.7204941150727602
-1.98 -1.8245602056557835 -1.8224200335952059 1.7089177862027183
-1.97 -1.8075289927599403 -1.8052163335952063 1.6973214191778763
-1.96 -1.790613845443191 -1.7881407535952056 1.6857046004564382
-1.95 -1.7738149703409232 -1.7711932935952062 1.6740669042783205
-1.94 -1.7571325784092076 -1.7543739535952056 1.6624078921853083
-1.93 -1.7405668850542748 -1.7376827335952059 1.65072711251739
-1.92 -1.7241181102671583 -1.721119633595206 1.6390240998838301
-1.91 -1.7077864787637558 -1.7046846535952058 1.627298374607435
-1.9 -1.6915722201305916 -1.6883777935952065 1.6155494421403511
-1.89 -1.6754755689765688 -1.6721990535952056 1.6037767924496227
-1.88 -1.659496765091026 -1.656148433595206 1.5919798993705918
-1.87 -1.6436360536084285 -1.6402259335952065 1.5801582199260935
-1.86 -1.6278936851800478 -1.624431553595206 1.5683111936092278
-1.85 -1.6122699161530072 -1.6087652935952064 1.5564382416273381
-1.84 -1.5967650087570904 -1.593227153595206 1.544538766104626
-1.83 -1.5813792312997406 -1.577817133595206 1.5326121492406357
-1.82 -1.5661128583697115 -1.5625352335952059 1.520657752421629
-1.81 -1.5509661710498515 -1.5473814535952064 1.508674915281619
-1.8 -1.5359394571395428 -1.532355793595206 1.4966629547095767
-1.79 -1.5210330113873547 -1.5174582535952061 1.4846211637990345
-1.78 -1.5062471357345064 -1.5026888335952058 1.4725488107359974
-1.77 -1.4915821395697728 -1.4880475335952061 1.4604451376207188
-1.76 -1.4770383399965314 -1.4735343535952063 1.4483093592185339
-1.75 -1.4626160621126685 -1.459149293595206 1.4361406616345072
-1.74 -1.4483156393041499 -1.4448923535952063 1.4239382009062052
-1.73 -1.434137413553094 -1.430763533595206 1.4117011015083896
-1.72 -1.4200817357612705 -1.416762833595206 1.399428454762872
-1.71 -1.4061489660900035 -1.402890253595206 1.3871193171461493
-1.7 -1.3923394743175392 -1.389145793595206 1.3747727084867518
-1.69 -1.3786536402150364 -1.375529453595206 1.3623876100434853
-1.68 -1.3650918539423995 -1.362041233595206 1.3499629624548963
-1.67 -1.3516545164653138 -1.348681133595206 1.3374976635493612
-1.66 -1.3383420399949184 -1.335449153595206 1.3249905660041508
-1.65 -1.3251548484517008 -1.3223452935952063 1.3124404748406686
-1.64 -1.3120933779553132 -1.309369553595206 1.2998461447417535
-1.63 -1.2991580773421707 -1.2965219335952058 1.287206277175496
-1.62 -1.286349408712852 -1.283802433595206 1.2745195173083856
-1.61 -1.273667848011495 -1.2712110535952061 1.2617844506887856
-1.6 -1.261113885639598 -1.258747793595206 1.2489995996796799
-1.59 -1.2486880271068421 -1.2464126535952063 1.2361634196173257
-1.58 -1.2363907937218026 -1.2342056335952063 1.2232742946698425
-1.57 -1.2242227233256944 -1.2221267335952062 1.2103305333668155
-1.56 -1.2121843710726035 -1.2101759535952064 1.1973303637676613
-1.55 -1.2002763102599818 -1.1983532935952064 1.1842719282327012
-1.54 -1.188499133213592 -1.1866587535952062 1.171153277756588
-1.53 -1.176853452231486 -1.1750923335952064 1.1579723658188048
-1.52 -1.1653399005921075 -1.1636540335952064 1.1447270417003348
-1.51 -1.1539591336321309 -1.1523438535952062 1.1314150432091665
-1.5 -1.142711829900266 -1.1411617935952063 1.118033988749895
-1.49 -1.1315986923939514 -1.1301078535952063 1.104581368664165
-1.48 -1.1206204498866263 -1.119182033595206 1.0910545357588683
-1.47 -1.1097778583541746 -1.1083843335952062 1.0774506949276146
-1.46 -1.0990717025101264 -1.097714753595206 1.0637668917577758
-1.45 -1.0885027974603707 -1.0871732935952059 1.05
-1.44 -1.0780719904894367 -1.076759953595206 1.0361467077590893
-1.43 -1.0677801629919301 -1.0664747335952063 1.0222035022440492
-1.42 -1.0576282325644353 -1.056317633595206 1.0081666528902848
-1.41 -1.0476171552752283 -1.046288653595206 0.9940321926376428
-1.4 -1.0377479281314557 -1.0363877935952064 0.9797958971132711
-1.39 -1.0280215917661604 -1.026615053595206 0.9654532614269837
-1.38 -1.0184392333706946 -1.0169704335952061 0.9509994742374991
-1.37 -1.009001989901754 -1.0074539335952064 0.9364293886887576
-1.36 -0.9997110515966351 -0.9980655535952062 0.9217374897442332
-1.35 -0.9905676658354443 -0.9888052935952062 0.9069178573608528
-1.34 -0.9815731413950853 -0.9796731535952062 0.8919641248391105
-1.33 -0.9727288531471017 -0.9706691335952061 0.8768694315575154
-1.32 -0.9640362472601367 -0.9617932335952063 0.8616263691415208
-1.31 -0.9554968469782111 -0.9530454535952063 0.8462269199216013
-1.3 -0.9471122590586434 -0.9444257935952062 0.8306623862918076
-1.29 -0.9388841809687921 -0.9359342535952061 0.8149233092751735
-1.28 -0.9308144089595856 -0.9275708335952061 0.7989993742175272
-1.27 -0.9229048471569317 -0.9193355335952061 0.7828793010419933
-1.26 -0.915157517840786 -0.9112283535952063 0.7665507158694721
-1.25 -0.9075745731174756 -0.9032492935952062 0.75
-1.24 -0.9001583082359773 -0.8962494150818564 0.7332121111929345
-1.23 -0.8929111768561002 -0.889393889805369 0.716170370791755
-1.22 -0.885835808649889 -0.88268582391454 0.6988562083862458
-1.21 -0.8789350297124707 -0.8761285331751583 0.6812488532100439
-1.2 -0.872211886382707 -0.8697255676686051 0.6633249580710799
-1.19 -0.8656696732382262 -0.8634807407683887 0.6450581369148055
-1.18 -0.8593119662494593 -0.8573981633974482 0.6264183905346329
-1.17 -0.8531426623762297 -0.8514822848723617 0.6073713855624084
-1.16 -0.847166027302843 -0.8457379420587003 0.5878775382679626
-1.15 -0.8413867535862019 -0.8401704191479649 0.5678908345800272
-1.14 -0.8358100323186577 -0.8347855212039873 0.5473572873361602
-1.13 -0.83044164261509 -0.8295896658485857 0.5262128846769145
-1.12 -0.8252880650396275 -0.8245899992819792 0.5043808085167398
-1.11 -0.8203566278617127 -0.8197945456361535 0.4817675788178364
-1.1 -0.815655699427462 -0.8152124030974455 0.4582575694955842
-1.09 -0.8111949471543761 -0.810854007520164 0.433704968844029
-1.08 -0.8069856960354151 -0.8067314967307816 0.4079215610874229
-1.07 -0.8030414418550178 -0.8028592312023933 0.38065732621348564
-1.06 -0.7993786171161463 -0.7992545698579994 0.35156791662493914
-1.05 -0.7960177963281366 -0.7959390889313429 0.3201562118716425
-1.04 -0.7929857301840663 -0.7929406357301048 0.2856571371417142
-1.03 -0.7903191295823411 -0.7902971428830147 0.24677925358506123
-1.02 -0.7880728158336737 -0.788064830064115 0.20099751242241778
-1.01 -0.786342385392351 -0.7863409724390303 0.14177446878757827
-1 -0.7853981633974483 -0.7853981633974483 0
-0.99 -0.7844567698345808 -0.7844553543558662 0.14106735979665894
-0.98 -0.7827395110723373 -0.7827314967307816 0.1989974874213242
-0.97 -0.7805212887168915 -0.7804991839118819 0.24310491562286443
-0.96 -0.7779011087932843 -0.7778556910647918 0.28
-0.95 -0.7749366512136495 -0.7748572378635536 0.31224989991991997
-0.94 -0.7716671405877484 -0.7715417569368972 0.3411744421846397
-0.93 -0.7681215985688328 -0.7679370955925032 0.36755951898978195
-0.92 -0.7643226876759595 -0.764064830064115 0.39191835884530846
-0.91 -0.7602887841438273 -0.7599423192747325 0.41460824883255754
-0.9 -0.7560352099586474 -0.7555839236974511 0.4358898943540673
-0.89 -0.7515750182115836 -0.7510017811587432 0.4559605246071199
-0.88 -0.7469195209588679 -0.7462063275129174 0.4749736834815167
-0.87 -0.7420786590942093 -0.7412066609463108 0.493051721424842
-0.86 -0.7370612703816313 -0.7360108055909093 0.510294032886923
-0.85 -0.7318752891555332 -0.7306259076469317 0.526782687642637
-0.84 -0.726527898618909 -0.7250583847361962 0.5425863986500216
-0.83 -0.7210256493227564 -0.7193140419225348 0.5577633906953736
-0.82 -0.7153745529306195 -0.7133981633974482 0.5723635208501675
-0.81 -0.7095801575416891 -0.7073155860265079 0.5864298764558299
-0.8 -0.7036476090008061 -0.7010707591262915 0.5999999999999999
-0.79 -0.6975817013880146 -0.6946429629789779 0.6131068422387732
-0.78 -0.691386919032845 -0.6881314671201716 0.6257795138864806
-0.77 -0.6850674718049086 -0.681537056140452 0.6380438856379709
-0.76 -0.67862732500871 -0.6748605246211018 0.6499230723708769
-0.75 -0.6720702249030459 -0.668102677038365 0.6614378277661477
-0.74 -0.6653997206386674 -0.6612643276665138 0.6726068688320095
-0.73 -0.6586191832384698 -0.6543463004797335 0.6834471449936711
-0.72 -0.6517318221162386 -0.6473494290528395 0.6939740629158989
-0.71 -0.6447406995317931 -0.6402745564608371 0.7042016756583301
-0.7 -0.6376487433043763 -0.6331225351773372 0.714142842854285
-0.69 -0.630458758046743 -0.6258942269718384 0.7238093671679029
-0.68 -0.623173435135558 -0.6185905028058903 0.7332121111929343
-0.67 -0.6157953615964435 -0.6112122427281481 0.7423610981186985
-0.66 -0.6083270280521518 -0.6037603357683333 0.751265598839718
-0.65 -0.6007708358582011 -0.5962356798301113 0.7599342076785331
-0.64 -0.5931291035306994 -0.5886391815829002 0.7683749084919419
-0.63 -0.5854040725550178 -0.5809717563526237 0.7765951326141569
-0.62 -0.5775979126507554 -0.5732343280114202 0.7846018098373212
-0.61 -0.5697127265574832 -0.5654278288663226 0.7924014134263012
-0.6 -0.5617505543966421 -0.5575531995469223 0.8
-0.59 -0.5537133776573372 -0.5496113888920287 0.8074032449773781
-0.58 -0.5456031228473546 -0.5416033538353417 0.8146164741766521
-0.57 -0.5374216648453132 -0.533530059290147 0.8216446920658589
-0.56 -0.5291708299852604 -0.5253924780330512 0.8284926070883191
-0.55 -0.5208523989011101 -0.5171915905867683 0.8351646544245033
-0.54 -0.5124681091549698 -0.508928385101974 0.8416650165000324
-0.53 -0.5040196576705313 -0.5006038572382404 0.8479976415061542
-0.52 -0.49550870299022337 -0.492219010044065 0.854166260162505
-0.51 -0.4869368673726844 -0.4837748538360111 0.8601744009211155
-0.5 -0.47830573874525906 -0.4752724060769714 0.8660254037844386
-0.49 -0.4696168725246095 -0.46671269125357046 0.8717224328879004
-0.48 -0.46087179331712264 -0.45809674075272094 0.8772684879784524
-0.47 -0.45207199650956703 -0.44942559273734944 0.8826664149042944
-0.46 -0.4432189497593688 -0.4407002920213039 0.8879189152169246
-0.45 -0.4343140943929304 -0.43192188994346137 0.8930285549745876
-0.44 -0.4253588467195758 -0.4230914442410486 0.8979977728257459
-0.43 -0.41635459926796814 -0.4142100189221921 0.9028288874421332
-0.42 -0.40730272195118855 -0.4052786841377125 0.9075241043630742
-0.41 -0.39820456316608444 -0.39629851605217853 0.9120855223058856
-0.4 -0.38906145083197763 -0.3872705967142368 0.916515138991168
-0.39 -0.3798746933733621 -0.37819601392623203 0.920814856526544
-0.38 -0.3706455806508074 -0.3690758611131348 0.9249864863877743
-0.37 -0.36137538484391785 -0.3599112371907908 0.9290317540321213
-0.36 -0.35206536128986465 -0.35070324643350975 0.9329523031752481
-0.35 -0.34271674928071305 -0.34145299834100684 0.9367496997597597
-0.34 -0.3333307728224999 -0.3321616075047168 0.9404254356406998
-0.33 -0.32390864135877406 -0.3228301934734923 0.9439809320108113
-0.32 -0.31445155046110085 -0.31345988061870683 0.9474175425861608
-0.31 -0.3049606824888279 -0.3040517979987749 0.9507365565707464
-0.3 -0.2954372072202406 -0.29460707922310897 0.9539392014169457
-0.29 -0.2858822824570687 -0.2851268623155265 0.9570266453970862
-0.28 -0.276297054604164 -0.2756122895771267 0.96
-0.27 -0.2666826592260335 -0.2660645074486504 0.9628603221651623
-0.26 -0.2570402215817969 -0.2564846663723423 0.9656086163658649
-0.25 -0.2473708571400211 -0.24687392065333025 0.9682458365518543
-0.24 -0.23767567207479295 -0.2372334283205396 0.9707728879609278
-0.23 -0.22795576374429372 -0.2275643509871587 0.9731906288081488
-0.22 -0.21821222115306055 -0.2178678537106721 0.9754998718605759
-0.21 -0.20844612539904284 -0.20814510485247953 0.9777013859047148
-0.2 -0.19865855010649253 -0.19839727593711626 0.9797958971132712
-0.19 -0.18885056184566515 -0.18862554151109232 0.9817840903172143
-0.18 -0.179023220540251 -0.17883107900136772 0.983666610188635
-0.17 -0.16917757986340215 -0.16901506857348084 0.9854440623394105
-0.16 -0.1593146876231749 -0.1591786929893461 0.9871170143402453
-0.15 -0.1494355861381625 -0.1493231374647397 0.9886859966642595
-0.14 -0.13954131260405267 -0.13944958952648911 0.9901515035589251
-0.13 -0.1296328994518104 -0.12955923886938409 0.9915139938498094
-0.12 -0.11971137469815014 -0.11965327721282679 0.9927738916792685
-0.11 -0.10977776228893507 -0.10973289815723777 0.9939315871829408
-0.1 -0.0998330824361109 -0.0997992970402352 0.99498743710662
-0.09 -0.08987835194875984 -0.0898536707926049 0.995941765365827
-0.08 -0.07991458455883627 -0.07989721779407853 0.996794863550169
-0.07 -0.06994279124212707 -0.0699311377289369 0.9975469913743412
-0.06 -0.05996398053496188 -0.05995663144145626 0.9981983770774224
-0.05 -0.049979158847182736 -0.04997490079121496 0.998749217771909
-0.04 -0.039989330771869336 -0.0399871485082774 0.9991996797437437
-0.03 -0.029995499392304642 -0.029994578048273435 0.9995498987044118
-0.02 -0.019998666586655237 -0.019998393447390236 0.999799979995999
-0.01 -0.009999833330833246 -0.00999979917729411 0.9999499987499375
0 0 0 1
0.01 0.009999833330833246 0.00999979917729411 0.9999499987499375
0.02 0.019998666586655237 0.019998393447390236 0.999799979995999
0.03 0.029995499392304642 0.029994578048273435 0.9995498987044118
0.04 0.039989330771869336 0.0399871485082774 0.9991996797437437
0.05 0.049979158847182736 0.04997490079121496 0.998749217771909
0.06 0.05996398053496188 0.05995663144145626 0.9981983770774224
0.07 0.06994279124212707 0.0699311377289369 0.9975469913743412
0.08 0.07991458455883627 0.07989721779407853 0.996794863550169
0.09 0.08987835194875984 0.0898536707926049 0.995941765365827
0.1 0.0998330824361109 0.0997992970402352 0.99498743710662
0.11 0.10977776228893507 0.10973289815723777 0.9939315871829408
0.12 0.11971137469815014 0.11965327721282679 0.9927738916792685
0.13 0.1296328994518104 0.12955923886938409 0.9915139938498094
0.14 0.13954131260405267 0.13944958952648911 0.9901515035589251
0.15 0.1494355861381625 0.1493231374647397 0.9886859966642595
0.16 0.1593146876231749 0.1591786929893461 0.9871170143402453
0.17 0.16917757986340215 0.16901506857348084 0.9854440623394105
0.18 0.179023220540251 0.17883107900136772 0.983666610188635
0.19 0.18885056184566515 0.18862554151109232 0.9817840903172143
0.2 0.19865855010649253 0.19839727593711626 0.9797958971132712
0.21 0.20844612539904284 0.20814510485247953 0.9777013859047148
0.22 0.21821222115306055 0.2178678537106721 0.9754998718605759
0.23 0.22795576374429372 0.2275643509871587 0.9731906288081488
0.24 0.23767567207479295 0.2372334283205396 0.9707728879609278
0.25 0.2473708571400211 0.24687392065333025 0.9682458365518543
0.26 0.2570402215817969 0.2564846663723423 0.9656086163658649
0.27 0.2666826592260335 0.2660645074486504 0.9628603221651623
0.28 0.276297054604164 0.2756122895771267 0.96
0.29 0.2858822824570687 0.2851268623155265 0.9570266453970862
0.3 0.2954372072202406 0.29460707922310897 0.9539392014169457
0.31 0.3049606824888279 0.3040517979987749 0.9507365565707464
0.32 0.31445155046110085 0.31345988061870683 0.9474175425861608
0.33 0.32390864135877406 0.3228301934734923 0.9439809320108113
0.34 0.3333307728224999 0.3321616075047168 0.9404254356406998
0.35 0.34271674928071305 0.34145299834100684 0.9367496997597597
0.36 0.35206536128986465 0.35070324643350975 0.9329523031752481
0.37 0.36137538484391785 0.3599112371907908 0.9290317540321213
0.38 0.3706455806508074 0.3690758611131348 0.9249864863877743
0.39 0.3798746933733621 0.37819601392623203 0.920814856526544
0.4 0.38906145083197763 0.3872705967142368 0.916515138991168
0.41 0.39820456316608444 0.39629851605217853 0.9120855223058856
0.42 0.40730272195118855 0.4052786841377125 0.9075241043630742
0.43 0.41635459926796814 0.4142100189221921 0.9028288874421332
0.44 0.4253588467195758 0.4230914442410486 0.8979977728257459
0.45 0.4343140943929304 0.43192188994346137 0.8930285549745876
0.46 0.4432189497593688 0.4407002920213039 0.8879189152169246
0.47 0.45207199650956703 0.44942559273734944 0.8826664149042944
0.48 0.46087179331712264 0.45809674075272094 0.8772684879784524
0.49 0.4696168725246095 0.46671269125357046 0.8717224328879004
0.5 0.47830573874525906 0.4752724060769714 0.8660254037844386
0.51 0.4869368673726844 0.4837748538360111 0.8601744009211155
0.52 0.49550870299022337 0.492219010044065 0.854166260162505
0.53 0.5040196576705313 0.5006038572382404 0.8479976415061542
0.54 0.5124681091549698 0.508928385101974 0.8416650165000324
0.55 0.5208523989011101 0.5171915905867683 0.8351646544245033
0.56 0.5291708299852604 0.5253924780330512 0.8284926070883191
0.57 0.5374216648453132 0.533530059290147 0.8216446920658589
0.58 0.5456031228473546 0.5416033538353417 0.8146164741766521
0.59 0.5537133776573372 0.5496113888920287 0.8074032449773781
0.6 0.5617505543966421 0.5575531995469223 0.8
0.61 0.5697127265574832 0.5654278288663226 0.7924014134263012
0.62 0.5775979126507554 0.5732343280114202 0.7846018098373212
0.63 0.5854040725550178 0.5809717563526237 0.7765951326141569
0.64 0.5931291035306994 0.5886391815829002 0.7683749084919419
0.65 0.6007708358582011 0.5962356798301113 0.7599342076785331
0.66 0.6083270280521518 0.6037603357683333 0.751265598839718
0.67 0.6157953615964435 0.6112122427281481 0.7423610981186985
0.68 0.623173435135558 0.6185905028058903 0.7332121111929343
0.69 0.630458758046743 0.6258942269718384 0.7238093671679029
0.7 0.6376487433043763 0.6331225351773372 0.714142842854285
0.71 0.6447406995317931 0.6402745564608371 0.7042016756583301
0.72 0.6517318221162386 0.6473494290528395 0.6939740629158989
0.73 0.6586191832384698 0.6543463004797335 0.6834471449936711
0.74 0.6653997206386674 0.6612643276665138 0.6726068688320095
0.75 0.6720702249030459 0.668102677038365 0.6614378277661477
0.76 0.67862732500871 0.6748605246211018 0.6499230723708769
0.77 0.6850674718049086 0.681537056140452 0.6380438856379709
0.78 0.691386919032845 0.6881314671201716 0.6257795138864806
0.79 0.6975817013880146 0.6946429629789779 0.6131068422387732
0.8 0.7036476090008061 0.7010707591262915 0.5999999999999999
0.81 0.7095801575416891 0.7073155860265079 0.5864298764558299
0.82 0.7153745529306195 0.7133981633974482 0.5723635208501675
0.83 0.7210256493227564 0.7193140419225348 0.5577633906953736
0.84 0.726527898618909 0.7250583847361962 0.5425863986500216
0.85 0.7318752891555332 0.7306259076469317 0.526782687642637
0.86 0.7370612703816313 0.7360108055909093 0.510294032886923
0.87 0.7420786590942093 0.7412066609463108 0.493051721424842
0.88 0.7469195209588679 0.7462063275129174 0.4749736834815167
0.89 0.7515750182115836 0.7510017811587432 0.4559605246071199
0.9 0.7560352099586474 0.7555839236974511 0.4358898943540673
0.91 0.7602887841438273 0.7599423192747325 0.41460824883255754
0.92 0.7643226876759595 0.764064830064115 0.39191835884530846
0.93 0.7681215985688328 0.7679370955925032 0.36755951898978195
0.94 0.7716671405877484 0.7715417569368972 0.3411744421846397
0.95 0.7749366512136495 0.7748572378635536 0.31224989991991997
0.96 0.7779011087932843 0.7778556910647918 0.28
0.97 0.7805212887168915 0.7804991839118819 0.24310491562286443
0.98 0.7827395110723373 0.7827314967307816 0.1989974874213242
0.99 0.7844567698345808 0.7844553543558662 0.14106735979665894
1 0.7853981633974483 0.7853981633974483 0
1.01 0.786342385392351 0.7863409724390303 0.14177446878757827
1.02 0.7880728158336737 0.788064830064115 0.20099751242241778
1.03 0.7903191295823411 0.7902971428830147 0.24677925358506123
1.04 0.7929857301840663 0.7929406357301048 0.2856571371417142
1.05 0.7960177963281366 0.7959390889313429 0.3201562118716425
1.06 0.7993786171161463 0.7992545698579994 0.35156791662493914
1.07 0.8030414418550178 0.8028592312023933 0.38065732621348564
1.08 0.8069856960354151 0.8067314967307816 0.4079215610874229
1.09 0.8111949471543761 0.810854007520164 0.433704968844029
1.1 0.815655699427462 0.8152124030974455 0.4582575694955842
1.11 0.8203566278617127 0.8197945456361535 0.4817675788178364
1.12 0.8252880650396275 0.8245899992819792 0.5043808085167398
1.13 0.83044164261509 0.8295896658485857 0.5262128846769145
1.14 0.8358100323186577 0.8347855212039873 0.5473572873361602
1.15 0.8413867535862019 0.8401704191479649 0.5678908345800272
1.16 0.847166027302843 0.8457379420587003 0.5878775382679626
1.17 0.8531426623762297 0.8514822848723617 0.6073713855624084
1.18 0.8593119662494593 0.8573981633974482 0.6264183905346329
1.19 0.8656696732382262 0.8634807407683887 0.6450581369148055
1.2 0.872211886382707 0.8697255676686051 0.6633249580710799
1.21 0.8789350297124707 0.8761285331751583 0.6812488532100439
1.22 0.885835808649889 0.88268582391454 0.6988562083862458
1.23 0.8929111768561002 0.889393889805369 0.716170370791755
1.24 0.9001583082359773 0.8962494150818564 0.7332121111929345
1.25 0.9075745731174756 0.9032492935952062 0.75
1.26 0.915157517840786 0.9112283535952063 0.7665507158694721
1.27 0.9229048471569317 0.9193355335952061 0.7828793010419933
1.28 0.9308144089595856 0.9275708335952061 0.7989993742175272
1.29 0.9388841809687921 0.9359342535952061 0.8149233092751735
1.3 0.9471122590586434 0.9444257935952062 0.8306623862918076
1.31 0.9554968469782111 0.9530454535952063 0.8462269199216013
1.32 0.9640362472601367 0.9617932335952063 0.8616263691415208
1.33 0.9727288531471017 0.9706691335952061 0.8768694315575154
1.34 0.9815731413950853 0.9796731535952062 0.8919641248391105
1.35 0.9905676658354443 0.9888052935952062 0.9069178573608528
1.36 0.9997110515966351 0.9980655535952062 0.9217374897442332
1.37 1.009001989901754 1.0074539335952064 0.9364293886887576
1.38 1.0184392333706946 1.0169704335952061 0.9509994742374991
1.39 1.0280215917661604 1.026615053595206 0.9654532614269837
1.4 1.0377479281314557 1.0363877935952064 0.9797958971132711
1.41 1.0476171552752283 1.046288653595206 0.9940321926376428
1.42 1.0576282325644353 1.056317633595206 1.0081666528902848
1.43 1.0677801629919301 1.0664747335952063 1.0222035022440492
1.44 1.0780719904894367 1.076759953595206 1.0361467077590893
1.45 1.0885027974603707 1.0871732935952059 1.05
1.46 1.0990717025101264 1.097714753595206 1.0637668917577758
1.47 1.1097778583541746 1.1083843335952062 1.0774506949276146
1.48 1.1206204498866263 1.119182033595206 1.0910545357588683
1.49 1.1315986923939514 1.1301078535952063 1.104581368664165
1.5 1.142711829900266 1.1411617935952063 1.118033988749895
1.51 1.1539591336321309 1.1523438535952062 1.1314150432091665
1.52 1.1653399005921075 1.1636540335952064 1.1447270417003348
1.53 1.176853452231486 1.1750923335952064 1.1579723658188048
1.54 1.188499133213592 1.1866587535952062 1.171153277756588
1.55 1.2002763102599818 1.1983532935952064 1.1842719282327012
1.56 1.2121843710726035 1.2101759535952064 1.1973303637676613
1.57 1.2242227233256944 1.2221267335952062 1.2103305333668155
1.58 1.2363907937218026 1.2342056335952063 1.2232742946698425
1.59 1.2486880271068421 1.2464126535952063 1.2361634196173257
1.6 1.261113885639598 1.258747793595206 1.2489995996796799
1.61 1.273667848011495 1.2712110535952061 1.2617844506887856
1.62 1.286349408712852 1.283802433595206 1.2745195173083856
1.63 1.2991580773421707 1.2965219335952058 1.287206277175496
1.64 1.3120933779553132 1.309369553595206 1.2998461447417535
1.65 1.3251548484517008 1.3223452935952063 1.3124404748406686
1.66 1.3383420399949184 1.335449153595206 1.3249905660041508
1.67 1.3516545164653138 1.348681133595206 1.3374976635493612
1.68 1.3650918539423995 1.362041233595206 1.3499629624548963
1.69 1.3786536402150364 1.375529453595206 1.3623876100434853
1.7 1.3923394743175392 1.389145793595206 1.3747727084867518
1.71 1.4061489660900035 1.402890253595206 1.3871193171461493
1.72 1.4200817357612705 1.416762833595206 1.399428454762872
1.73 1.434137413553094 1.430763533595206 1.4117011015083896
1.74 1.4483156393041499 1.4448923535952063 1.4239382009062052
1.75 1.4626160621126685 1.459149293595206 1.4361406616345072
1.76 1.4770383399965314 1.4735343535952063 1.4483093592185339
1.77 1.4915821395697728 1.4880475335952061 1.4604451376207188
1.78 1.5062471357345064 1.5026888335952058 1.4725488107359974
1.79 1.5210330113873547 1.5174582535952061 1.4846211637990345
1.8 1.5359394571395428 1.532355793595206 1.4966629547095767
1.81 1.5509661710498515 1.5473814535952064 1.508674915281619
1.82 1.5661128583697115 1.5625352335952059 1.520657752421629
1.83 1.5813792312997406 1.577817133595206 1.5326121492406357
1.84 1.5967650087570904 1.593227153595206 1.544538766104626
1.85 1.6122699161530072 1.6087652935952064 1.5564382416273381
1.86 1.6278936851800478 1.624431553595206 1.5683111936092278
1.87 1.6436360536084285 1.6402259335952065 1.5801582199260935
1.88 1.659496765091026 1.656148433595206 1.5919798993705918
1.89 1.6754755689765688 1.6721990535952056 1.6037767924496227
1.9 1.6915722201305916 1.6883777935952065 1.6155494421403511
1.91 1.7077864787637558 1.7046846535952058 1.627298374607435
1.92 1.7241181102671583 1.721119633595206 1.6390240998838301
1.93 1.7405668850542748 1.7376827335952059 1.65072711251739
1.94 1.7571325784092076 1.7543739535952056 1.6624078921853083
1.95 1.7738149703409232 1.7711932935952062 1.6740669042783205
1.96 1.790613845443191 1.7881407535952056 1.6857046004564382
1.97 1.8075289927599403 1.8052163335952063 1.6973214191778763
1.98 1.8245602056557835 1.8224200335952059 1.7089177862027183
1.99 1.841707281691452 1.8397518535952062 1.7204941150727602
2 1.8589700225039172 1.857211793595206 1.7320508075688772
