"Line"
1 645554 0.112449583
0.5 771909 0.117536625
0.2 1009186 0.137634335
0.1 1279510 0.161149708
0.05 1647339 0.188089209
0.02 2374245 0.240108375
0.01 3157164 0.299102582
0.005 4275485 0.37646475
0.002 6467096 0.542614043
0.001 8910331 0.720434709


"Arc"
1 489582 0.098581627
0.5 542002 0.098853626
0.2 603230 0.103469708
0.1 697890 0.11101025
0.05 784641 0.118535708
0.02 915774 0.129375125
0.01 1110727 0.142532668
0.005 1301153 0.156833126
0.002 1606443 0.195623334
0.001 1998004 0.222302916


"Skia"
1 461105 0.043946315
0.5 474492 0.046795752
0.2 506083 0.05224702
0.1 528639 0.0563688
0.05 564776 0.062699065
0.02 633424 0.075397292
0.01 698064 0.086034541
0.005 776673 0.100040357
0.002 899308 0.12058977
0.001 1063324 0.146697522


